tFin = 63072000 
m1 = 1.98892e30  // soleil
m2 = 5.9736e24  // terre
r0 = 6800e3
r1 = 1.5e9
L2x = 1.51099098533097e11
L2y = 0
a = 149598023e3
nsel_physics = 3
adapt = true
tol = 30
sampling = 0 //frequency of data writing
output = output.out
nsteps = 0 
